ncpu        =          8
ndim        =          3
levelmin    =          7
levelmax    =          7
ngridmax    =      75000
nstep_coarse=       1911
 
boxlen      =  0.100000000000000E+01
time        =  0.130034360159389E+02
aexp        =  0.100000000000000E+01
H0          =  0.100000000000000E+01
omega_m     =  0.100000000000000E+01
omega_l     =  0.000000000000000E+00
omega_k     =  0.000000000000000E+00
omega_b     =  0.450000017881393E-01
unit_l      =  0.309000000000000E+22
unit_d      =  0.166000000000000E-23
unit_t      =  0.315569260000000E+14
 
ordering type=hilbert                                                                         
   DOMAIN   ind_min                 ind_max
       1   0.000000000000000E+00   0.209715200000000E+07
       2   0.209715200000000E+07   0.419430400000000E+07
       3   0.419430400000000E+07   0.629145600000000E+07
       4   0.629145600000000E+07   0.838860800000000E+07
       5   0.838860800000000E+07   0.104857600000000E+08
       6   0.104857600000000E+08   0.125829120000000E+08
       7   0.125829120000000E+08   0.146800640000000E+08
       8   0.146800640000000E+08   0.167772160000000E+08
